0,0,0,100,115,125,115,100,0,0,00,0,90,130,135,140,135,130,90,0,00,90,135,145,150,155,150,145,135,90,0100,130,145,155,160,170,160,155,145,130,100115,135,150,160,175,185,175,160,150,135,115125,140,155,170,185,200,185,170,155,140,125115,135,150,160,175,185,175,160,150,135,115100,130,145,155,160,170,160,155,145,130,1000,90,135,145,150,155,150,145,135,90,00,0,90,130,135,140,135,130,90,0,00,0,0,100,115,125,115,100,0,0,0